t,S,V,L,I,R
0,0.94,0.0,0.01,0.05,0.0
1,0.9276757510202033,0.0004657329394361946,0.01894192081889348,0.05190052827875317,0.0010160669427137763
2,0.9148901746599086,0.0009251329868329948,0.026692239121887663,0.05540586310196377,0.002086590129406933
3,0.9013315147009915,0.0013778577424195244,0.03374884427351357,0.0603004494461735,0.003241333836901971
4,0.8867471047338593,0.0018234304640462053,0.04046623997798477,0.06645654622032353,0.004506678603786183
5,0.8709269827142366,0.002261263568050421,0.04709625358652725,0.07380839519591537,0.005907104935270444
6,0.8536939887576421,0.0026906762953336294,0.05381552689915285,0.08233357129373174,0.007466236754139731
7,0.834898560863783,0.0031109091297745035,0.06074379010635399,0.09203917639439975,0.009207563505688795
8,0.8144170211755064,0.0035211368770272523,0.06795567493210908,0.10295124656377501,0.011154920451582348
9,0.7921524876689044,0.0039204818349077445,0.07548801770525272,0.1151062333448428,0.01333277944609226
10,0.7680377387162666,0.004308028130567232,0.08334407801271378,0.12854377180618787,0.015766383334264597
11,0.7420394414476948,0.004682837987332188,0.09149575907856042,0.14330021771430174,0.018481743772110718
12,0.7141631568983198,0.0050439704047971325,0.09988473450143479,0.15940262305808026,0.021505515137367967
13,0.6844585146011951,0.005390502424399715,0.10842321633834728,0.1768630162775877,0.024864750358470192
14,0.6530238689298343,0.0057215528321881365,0.11699507108128747,0.19567296119793445,0.02858654595875556
15,0.620009732729827,0.006036307786985309,0.12545783983636888,0.2157985384406105,0.03269758120620833
16,0.5856202431800387,0.006334047511840536,0.13364619785455195,0.2371759476502849,0.03722356380328384
17,0.5501120158848454,0.006614172818735824,0.14137714885340752,0.2597080670127596,0.042188595430251725
18,0.5137898558519951,0.006876229987404534,0.14845715006103313,0.2832622821370049,0.04761448196256239
19,0.47699909534609447,0.007119932307639081,0.15469098951286,0.30766996800685914,0.053520014826547335
20,0.44011462447691385,0.00734517663474416,0.15989207096560767,0.3327278657764746,0.059920262146259645
21,0.4035271261849887,0.007552053436263894,0.1638933442426333,0.3582015693432381,0.06682590679287595
22,0.36762737693125064,0.007740849248712372,0.16655801717394314,0.38383108008550526,0.07424267656058856
23,0.3327898266089582,0.00791204096320331,0.1677889508898326,0.40933827767292164,0.08217090386508429
24,0.2993568319181511,0.00806628208099892,0.16753575650945504,0.4344358781972757,0.09060525129411923
25,0.26762490575784026,0.008204381732028365,0.16579876356385884,0.45883732220160545,0.09953462674466702
26,0.23783416021463305,0.008327277892033885,0.16262935710751067,0.48226690569121927,0.10894229909460307
27,0.2101617104624924,0.00843600669629928,0.15812667563263683,0.5044693932379487,0.11880621397062277
28,0.18471937663642626,0.008531669941362587,0.15243099421563708,0.5252184695076664,0.12909948969890764
29,0.1615554914943767,0.008615402909431767,0.14571460578557213,0.5443234334326033,0.13979106637801608
30,0.14066022915154816,0.008688344354163904,0.1381711712791373,0.5616337869701017,0.15084646824504888
31,0.12197356888595143,0.00875161011301306,0.13000461532815616,0.5770415712065979,0.16222863446628147
32,0.10539486692508161,0.008806271319528039,0.1214186011355025,0.5904814854786724,0.17389877514121538
33,0.0907930449123391,0.00885333764993959,0.11260735761821905,0.6019290506409324,0.1858172091785698
34,0.07801652526098111,0.008893745608301489,0.10374840249956775,0.6113971782006484,0.1979441484305011
35,0.06690225737341039,0.008928351492179024,0.09499742060266682,0.6189315691840673,0.2102404013476763
36,0.05728342037254797,0.00895792841463005,0.08648526489764355,0.6246054098869982,0.22266797642818015
37,0.048995597807084824,0.008983166647329073,0.07831688354520021,0.6285137760921445,0.23519057590824136
38,0.04188140669580531,0.009004676514785256,0.07057184497256416,0.6307680938870577,0.24777397792978756
39,0.03579369759379586,0.009022993087393738,0.06330605175220003,0.6314909469743191,0.2603863105922913
40,0.030597513566269004,0.009038582036621542,0.056554268363150334,0.6308114086599608,0.2729982273739983
41,0.026171041595113697,0.009051846106650063,0.050333098983984824,0.6288610178921666,0.2855829954220847
42,0.022405788598584674,0.009063131776008763,0.04464412248548162,0.6257704468991729,0.29811651024075203
43,0.019206195720848453,0.009072735809263776,0.03947696835332695,0.6216668495281122,0.31057725058844865
44,0.016488878279177888,0.009080911469544617,0.03481216899785317,0.6166718543242085,0.32294618692921584
45,0.014181637900794391,0.009087874271920109,0.030623701966938324,0.610900130329363,0.3352066555309842
46,0.01222236350964304,0.009093807196676544,0.026881170034892078,0.6044584502374786,0.3473442090213098
47,0.010557905202041508,0.009098865338486728,0.023551610176538125,0.5974451666938776,0.3593464525890561
48,0.009142976398735231,0.009103180005017275,0.02060094914310622,0.5899500214743244,0.371202872978817
49,0.007939123675974585,0.00910686228522131,0.017995133467207304,0.5820542140504921,0.38290466652110494
50,0.006913784005088414,0.009110006132939222,0.01570097587019138,0.5738306634174595,0.39444457057432175
51,0.006039438967970166,0.009112691013185917,0.013686760746178335,0.5653444076170588,0.4058167016556069
52,0.005292867793147462,0.009114984159963837,0.011922650563186714,0.5566530949431788,0.4170164025405233
53,0.004654495612616429,0.009116942494068926,0.010380932661711861,0.5478075294467502,0.4280400997848527
54,0.004107830396439743,0.009118614246000314,0.009036141430462578,0.5388522414479795,0.43888517247911796
55,0.003638980176280392,0.009120040325768915,0.00786508593905171,0.5298260610818216,0.4495498324770774
56,0.00323624168353713,0.009121255476609687,0.006846808188306128,0.5207626786602365,0.4600330159913106
57,0.002889751565959269,0.00912228924520832,0.0059624925320590355,0.51169118048538,0.4703342861713935
58,0.002591191795208981,0.009123166796834843,0.005195342673037675,0.5026365526464501,0.48045374608846836
59,0.0023335416465115927,0.009123909599642412,0.00453043904004733,0.49362014826398304,0.4903919614498156
60,0.0021108693192081335,0.009124535999145427,0.003954586194581117,0.484660116225898,0.5001498922611672
61,0.0019181571858557205,0.009125061700446578,0.003456157646682277,0.4757717907849932,0.5097288326820222
62,0.0017511554217988598,0.009125500173158078,0.0030249432662812882,0.4669680428429404,0.5191303582958213
63,0.001606259483102072,0.009125862991645728,0.0026520028672235587,0.4582595946206034,0.5283562800374252
64,0.0014804075858344768,0.009126160121145158,0.0023295283126192096,0.4496552999133577,0.5374086040670434
65,0.0013709949263896908,0.009126400158585755,0.0020507155364223786,0.44116239245125943,0.5462894969273427
66,0.001275801893238261,0.009126590535511153,0.0018096471626655956,0.432786705036078,0.555001255372507
67,0.0011929339603081524,0.00912673768926836,0.00160118588314609,0.42453286215550157,0.5635462803117758
68,0.0011207713276846544,0.009126847207617183,0.001420878386203318,0.4164044487150681,0.5719270543634267
69,0.0010579266936845014,0.009126923951057882,0.001264869379655254,0.40840415740876057,0.5801461225668417
70,0.0010032098107229143,0.009126972156462299,0.0011298250919393536,0.40053391709165853,0.5882060758492168
71,0.0009555977025133477,0.009126995524999893,0.0010128655441734393,0.39279500433933046,0.5961095368889827
72,0.0009142096082216215,0.009126997296856168,0.0009115048438835822,0.38518814019129255,0.6038591480597459
73,0.0008782858758127389,0.009126980314830793,0.0008235987441433096,0.3777135738888105,0.6114575611764026
74,0.000847170156908505,0.009126947078562478,0.0007472987288132686,0.370371155236608,0.6189074287991077
75,0.0008202943634330962,0.009126899790845447,0.0006810119176125062,0.3631603970468001,0.6262113968813089
76,0.0007971659488944825,0.009126840397223156,0.0006233661929228689,0.35608052887683816,0.6333720985841212
77,0.0007773571282408374,0.009126770619920286,0.0005731799503292745,0.34913054320829734,0.6403921490932122
78,0.0007604957337884007,0.009126691986967344,0.0005294357614356217,0.3423092352352307,0.6472741412825779
79,0.000746257437605771,0.009126605857259346,0.0004912575560790775,0.3356152370355112,0.6540206421135446
80,0.0007343591192324437,0.009126513442174687,0.0004578908795465451,0.32904704689359,0.6606341896654563
81,0.000724553241529298,0.009126415824100117,0.0004286861459073104,0.322603054046517,0.6671172907419463
82,0.0007166230352520278,0.009126313972504428,0.0004030839161018889,0.3162815601702882,0.6734724189058534
83,0.0007103783572460652,0.00912620875794263,0.0003806020295855384,0.31008079796102583,0.6797020128942
84,0.0007056521623661208,0.009126100964085077,0.0003608249782787832,0.3039989464742589,0.6858084754210111
85,0.0007022974979751362,0.009125991298097757,0.00034339469450658805,0.2980341442559281,0.6917941722534924
86,0.0007001848633725438,0.009125880399926673,0.0003280020328931634,0.2921845012201359,0.6976614314836718
87,0.0006991999846906454,0.009125768850119695,0.0003143803710600674,0.2864481077009047,0.703412543093225
88,0.0006992418969216544,0.009125657176725716,0.00030229947636825454,0.28082304282025505,0.7090497586297293
89,0.000700221228387556,0.009125545861531546,0.0002915601890736094,0.2753073816700174,0.7145752910509898
90,0.0007020588152009445,0.009125435345079522,0.00028199062469097286,0.26989920049019656,0.7199913147248319
91,0.0007046843895057219,0.00912532603163492,0.0002734416487195431,0.2645965824471238,0.7252999654830159
92,0.0007080355490284823,0.009125218292934686,0.000265784495854457,0.25939762084128265,0.7305033408208996
93,0.0007120567626115395,0.009125112472099685,0.00025890716519552166,0.2543004234697392,0.735603500130354
94,0.0007166985972230618,0.009125008886460747,0.0002527128572997729,0.2493031146431819,0.7406024650158345
95,0.00072191695094598,0.009124907830699348,0.00024711714104139545,0.2444038384036023,0.7455022196737109
96,0.0007276724867246562,0.00912480957889859,0.00024204699165892204,0.23960075967974748,0.7503047112629703
97,0.0007339300156392936,0.00912471438718885,0.0002374385101596779,0.234892066668543,0.7550118504184691
98,0.0007406581013439518,0.009124622495142268,0.00023323634944991036,0.2302759714357153,0.7596255116183485
99,0.0007478285512795231,0.009124534128010321,0.0002293920208445655,0.22575071148546635,0.7641475338143991
100,0.0007554161254121882,0.009124449497838161,0.00022586328634490607,0.22131455026515545,0.7685797208252493
101,0.000763398178055768,0.009124368804893656,0.0002226132682826304,0.21696577785200125,0.7729238418967667
102,0.0007717543394227486,0.009124292239234623,0.00021960958739445226,0.21270271144883743,0.7771816323851107
103,0.0007804663602403834,0.009124219981054931,0.00021682398080801672,0.20852369569603343,0.7813547939818632
104,0.0007895177954304212,0.009124152202206913,0.00021423156170729963,0.20442710288610014,0.7854449955545552
105,0.000798893815616712,0.009124089067194887,0.00021181060708639815,0.2004113327529844,0.7894538737571176
106,0.0008085811144804586,0.009124030733223367,0.00020954191451262323,0.196474813037797,0.7933830331999865
107,0.0008185676871207617,0.009123977351321325,0.00020740845063115773,0.19261599923264647,0.7972340472782802
108,0.0008288426694601379,0.009123929067273185,0.00020539554274378094,0.1888333738065229,0.801008458914
109,0.000839396292481586,0.009123886021543867,0.0002034900696260794,0.18512544693333904,0.8047077806830093
110,0.0008502197473276556,0.009123848349892105,0.0002016801379032672,0.18149075629487443,0.8083334954700024
111,0.0008613050379794406,0.009123816184308466,0.0001999556913380907,0.17792786570720365,0.8118870573791703
112,0.0008726449567005842,0.009123789652940795,0.00019830775834782494,0.17443536576845314,0.8153698918635576
113,0.0008842330060675275,0.009123768880363248,0.0001967279450553074,0.17101187393740647,0.8187833962311074
114,0.0008960632810799538,0.009123753988377416,0.00019520926451459922,0.16765603289747436,0.8221289405685536
115,0.0009081304507442934,0.009123745095959207,0.0001937454442992336,0.16436651109969455,0.8254078679093027
116,0.000920429704643747,0.009123742319440874,0.00019233052386909808,0.1611420027216841,0.8286214947303621
117,0.0009329566674131693,0.009123745773116868,0.00019095966757597468,0.15798122611186557,0.8317711117800284
118,0.000945707390576067,0.009123755569136385,0.00018962836345396027,0.15488292444885146,0.8348579842279821
119,0.0009586783049362176,0.009123771817727567,0.0001883323568567732,0.15184586527068059,0.8378833522497988
120,0.000971866162743776,0.009123794627622151,0.0001870683170359179,0.14886883918293503,0.8408484317096631
121,0.0009852680378317532,0.009123824105890067,0.00018583288852909067,0.1459506606739067,0.8437544142938423
122,0.0009988812784223811,0.009123860358239129,0.00018462305964145995,0.1430901671053041,0.8466024681983928
123,0.0010127034729890483,0.009123903489259648,0.00018343652144417057,0.14028621788205223,0.8493937386342548
124,0.0010267324530748056,0.009123953602248993,0.00018227070615146068,0.13753769524750095,0.8521293479910237
125,0.0010409662472152762,0.00912401079956748,0.00018112353828654833,0.1348435028282566,0.854810396586674
126,0.0010554030664842908,0.009124075182707985,0.00017999335263716508,0.13220256540350778,0.8574379629946627
127,0.001070041303832055,0.00912414685217914,0.0001788781765437339,0.12961382937356075,0.8600131042938842
128,0.0010848794932188652,0.009124225907857714,0.00017777663607890628,0.12707626115712986,0.8625368568057146
129,0.0010999163098423654,0.009124312448913364,0.00017668743856828485,0.12458884753200257,0.8650102362706733
130,0.0011151505613992661,0.009124406573803232,0.0001756091066556009,0.12215059551657309,0.8674342382415687
131,0.001130581157450321,0.009124508380552648,0.00017454076930148186,0.11976053098718689,0.8698098387055085
132,0.0011462071175894213,0.009124617966592688,0.00017348134590592377,0.11741769938073697,0.8721379941891748
133,0.0011620275548397188,0.0091247354288705,0.0001724297853492994,0.11512116494751007,0.8744196422834303
134,0.0011780416568540572,0.009124860864021901,0.00017138554715049952,0.11287000982792145,0.876655702104052
135,0.0011942486963467988,0.009124994368181582,0.00017034769140976435,0.11066333484566501,0.8788470743983967
136,0.0012106480094435607,0.009125136037180076,0.0001693155338009581,0.10850025827097773,0.8809946421485976
137,0.0012272389880387791,0.00912528596659789,0.00016828871115669302,0.10637991545928735,0.8830992708749191
138,0.0012440210878968561,0.009125444251606137,0.00016726641936826113,0.10430145944680225,0.8851618087943264
139,0.0012609938060047941,0.009125610987199207,0.00016624827544160705,0.10226405949203662,0.8871830874393176
140,0.001278156682002629,0.009125786268143025,0.0001652339758267322,0.10026690124694246,0.889163921827085
141,0.0012955093007371605,0.00912597018888973,0.0001642228738006167,0.09830918692098152,0.8911051107155908
142,0.0013130512727155712,0.009126162843791372,0.0001632148132454862,0.09639013390904684,0.8930074371612006
143,0.0013307822412735178,0.009126364326975278,0.00016220948787274323,0.0945089753374437,0.8948716686064346
144,0.0013487018791001019,0.009126574732343618,0.00016120641806172426,0.09266495973207768,0.8966985572384167
145,0.0013668098737979674,0.009126794153736474,0.00016020560355743527,0.09085734992723273,0.8984888404416753
146,0.00138510593783163,0.009127022684767984,0.00015920671453400703,0.08908542380745015,0.9002432408554161
147,0.001403589800120997,0.00912726041890065,0.0001582094354339843,0.08734847353651132,0.9019624668090329
148,0.0014222611971330568,0.009127507449545012,0.00015721385704072183,0.08564580483373516,0.903647212662546
149,0.001441119883290849,0.009127763869886585,0.00015621963265058587,0.08397673774565023,0.9052981588685216
150,0.0014601656193804864,0.009128029773013698,0.00015522659763245032,0.08234060555952451,0.9069159724504487
151,0.0014793981687399266,0.009128305251953222,0.00015423487747996965,0.0807367544591099,0.9085013072427168
152,0.0014988173063945468,0.00912859039951334,0.00015324413069882882,0.07916454418542744,0.9100548039779657
153,0.001518422806148201,0.009128885308439324,0.00015225432265214924,0.07762334678604839,0.9115770907767118
154,0.0015382144409853472,0.009129190071392897,0.00015126557060152654,0.07611254661286437,0.9130687833041556
155,0.001558191989804061,0.009129504780828482,0.00015027756313930885,0.07463154076848694,0.914530484897741
156,0.0015783552248364915,0.009129829529152872,0.00014929036896659206,0.07317973783880317,0.9159627870382406
157,0.0015987039150913574,0.009130164408661752,0.00014830407531490192,0.0717565581568106,0.9173662694441213
158,0.001619237830394771,0.009130509511455255,0.00014731841476667314,0.07036143399710398,0.9187415002462791
159,0.0016399567300758176,0.009130864929586754,0.00014633353419145941,0.06899380838844467,0.9200890364177011
160,0.00166086036840316,0.00913123075496969,0.00014534948395431395,0.0676531355647086,0.9214094238279641
161,0.0016819484961857823,0.009131607079330358,0.00014436604526156036,0.06633888092025458,0.9227031974589676
162,0.0017032208510589222,0.00913199399433915,0.00014338342135294463,0.0650505199473997,0.9239708817858492
163,0.0017246771641189309,0.009132391591498479,0.00014240162783288438,0.06378753880911561,0.9252129908074339
164,0.001746317159562846,0.009132799962126866,0.00014142049276117958,0.06254943409327476,0.9264300282922742
165,0.001768140546560426,0.009133219197471112,0.00014044025801121746,0.06133571188558779,0.9276224881123692
166,0.0017901470265144204,0.009133649388583628,0.00013946091116901187,0.060145888413966786,0.9287908542597659
167,0.0018123362912759598,0.009134090626330436,0.000138482321255744,0.058979489649602854,0.9299356011115348
168,0.0018347080164003314,0.009134543001485852,0.0001375047552125087,0.057836050504563544,0.9310571937223376
169,0.0018572618686464445,0.009135006604605242,0.00013652818116499822,0.056715115512455554,0.9321560878331276
170,0.0018799975032740132,0.009135481526049436,0.00013555250082166275,0.055616238325059686,0.933232730144795
171,0.0019029145583940308,0.009135967856065273,0.00013457799639637023,0.054538981011646295,0.9342875585774979
172,0.0019260126624657935,0.009136465684657775,0.00013360462535089195,0.05348291475307693,0.9353210022744485
173,0.0019492914311144876,0.009136975101624189,0.0001326323126789772,0.05244761927897472,0.9363334818756075
174,0.001972750462262114,0.009137496196624451,0.00013166134904784874,0.05143268223994429,0.9373254097521212
175,0.001996389343480469,0.009138029059055364,0.00013069168968053474,0.05043769990143862,0.9382971900063449
176,0.0020202076486973562,0.009138573778088275,0.00012972327318676717,0.049462276561559555,0.9392492187384679
177,0.0020442049338039478,0.0091391304427337,0.0001287563937843479,0.04850602396556819,0.9401818842641096
178,0.00206838074377814,0.009139699141719186,0.0001277910125723117,0.04756856199108181,0.9410955671108484
179,0.002092734609592968,0.00914027996352542,0.0001268270724220084,0.04664951808277599,0.9419906402716834
180,0.0021172660440259357,0.009140872996448907,0.0001258648669395116,0.045748526679340956,0.9428674694132446
181,0.0021419745484828746,0.009141478328485055,0.00012490437132247798,0.04486522988270395,0.9437264128690055
182,0.002166859610390266,0.009142096047357816,0.0001239455240999173,0.04399927694420736,0.9445678218739445
183,0.0021919206989724186,0.009142726240583937,0.0001229886137058631,0.043150323676651704,0.945392040770086
184,0.00221715727168812,0.009143368995362946,0.00012203363822084594,0.042318033097579186,0.9461994069971488
185,0.0022425687723767462,0.009144024398595728,0.00012108052440827546,0.041502075001888114,0.946990251302731
186,0.002268154626817728,0.009144692536953056,0.00012012954963113428,0.04070212533556764,0.9477648979510302
187,0.002293914248650918,0.009145373496774868,0.00011918074436204945,0.03991786679744792,0.9485236647127641
188,0.0023198470385431187,0.009146067364073219,0.00011823401792896337,0.039148988534518446,0.9492668630449361
189,0.0023459523794035417,0.009146774224606906,0.00011728962880496633,0.038395185459770345,0.9499947983074141
190,0.0023722296416071225,0.00914749416379318,0.00011634764963709723,0.03765615878957296,0.9507077697553894
191,0.002398678183434108,0.009148227266690855,0.00011540796926620627,0.036931615897881104,0.9514060706827275
192,0.0024252973458919135,0.009148973618081598,0.00011447081747560378,0.03622126956922622,0.9520899886493245
193,0.002452086457015192,0.009149733302397843,0.00011353631775646241,0.03552483844195228,0.952759805480878
194,0.00247904483377959,0.009150506403682843,0.00011260433933477697,0.034842047052513134,0.9534157973706895
195,0.0025061717765851805,0.009151293005677446,0.000111675072137709,0.03417262502767366,0.9540582351179258
196,0.0025334665723878184,0.009152093191768192,0.00011074869543094515,0.033516307399784534,0.9546873841406283
197,0.002560928498165337,0.009152907044923254,0.00010982506551249297,0.03287283485771994,0.9553035045336787
198,0.002588556815264723,0.009153734647781131,0.00010890432135920674,0.03224195290196988,0.9559068513136249
199,0.002616350771149243,0.009154576082622216,0.00010798669504391896,0.031623412000166606,0.9564976744510179
200,0.002644309604260977,0.009155431431283625,0.00010707204505122795,0.03101696803082315,0.9570762188885809
201,0.002672432538639921,0.009156300775242864,0.00010616045088687932,0.030422381454212968,0.9576427247810172
202,0.002700718784179031,0.009157184195614237,0.0001052521803055866,0.029839417287644217,0.9581974275522567
203,0.0027291675423301693,0.009158081773052149,0.00010434712128480882,0.029267845676090157,0.9587405578872426
204,0.0027577780017194655,0.009158993587817686,0.00010344528874168353,0.028707441176802344,0.9592723419449186
205,0.0027865493368833495,0.009159919719800002,0.00010254695449904845,0.028157982538624126,0.9597930014501933
206,0.002815480713916424,0.00916086024842291,0.00010165207228183336,0.02761925329309458,0.960302753672284
207,0.0028445712880345348,0.00916181525267918,0.00010076059059132886,0.02709104127759091,0.9608018115911039
208,0.002873820200782393,0.009162784811176623,9.987275101848537e-05,0.026573138207788796,0.9612903840292335
209,0.002903226584736409,0.00916376900206211,9.898860167484637e-05,0.026065340179301646,0.9617686756322248
210,0.002932789563722376,0.009164767903012936,9.810803321184117e-05,0.025567447527553584,0.9622368869724991
211,0.002962508248725007,0.009165781591303334,9.723122596832258e-05,0.02507926421453053,0.9626952147194726
212,0.0029923817409279727,0.009166810143756842,9.635833146051789e-05,0.02460059814646297,0.9631438516373915
213,0.0030224091347227076,0.009167853636693854,9.548920764624902e-05,0.024131261398625727,0.9635829866223112
214,0.003052589512944173,0.009168912146007855,9.46239526793257e-05,0.02367106949204673,0.9640128048963217
215,0.0030829219478975185,0.00916998574715079,9.376279661299267e-05,0.023219841474947777,0.9644334880333907
216,0.003113405506342849,0.009171074515051536,9.290561387975598e-05,0.022777400415361797,0.9648452139493638
217,0.0031440392452886335,0.009172178524181326,9.205241459506824e-05,0.022343572732563963,0.9652481570833708
218,0.003174822211277857,0.009173297848567224,9.120342190739684e-05,0.021918188058650263,0.9656424884595971
219,0.0032057534450920604,0.009174432561717525,9.035860275706304e-05,0.02150107971585302,0.9660283756745801
220,0.00323683197931711,0.009175582736658526,8.951797243624626e-05,0.02109208428139227,0.9664059830301956
